# Adding an R file 
# Added on 22/03/2024 by JH

x<- 2+2
n2 <- x*3